1205057219
1456253713
7461869687
4746425364
4629273884
0773993232
5153501650
7162175302
8016743443
3094036189
0232791800
3675321494
5661981426
9005432287
4032756379
7012120428
8401348967
0566078968
0479920148
4461891096
8226744792
4703691060
2061234567
6101502141
1875015332
9814491445
2676829111
8045839051
6687232333
1667430960
7717995824
9589671821
9732634243
5658790594
8683856249
4874139407
0093481842
9052476398
4179847908
7898482541
5654332332
7917457868
0643442772
2949279940
5213114662
9657621349
9665340193
7005526219
3132897597
7764703636
8111186274
7338172172
1253522752
9945886963
1545506473
2217979419
5195331630
0762065691
2956132310
3958558655
4315076339
5673093111
0441948534
0732470455
7160589998
2397535217
4562261124
0303652384
6073877935
8371173290
3912764797
2697128228
4020761951
7216296647
6270352363
3901412849
2364210587
0444524327
5062613863
3027526677
7606769204
5319616918
3857176034
3803218744
8309338615
0053610935
0215394809
9746137678
6978909189
8370528773
8068134285
8959857705
8691871686
4991613772
7960797442
8320943405
3683580083
8751875183
1720927010
6518767043
2540275834
